cam0:
  cam_overlaps: [1]
  camera_model: pinhole
  distortion_coeffs: [0.029737495953811345, -0.03055474758385943, -0.0005015950521435065, -0.000787231948700972]
  distortion_model: radtan
  intrinsics: [1044.9974520385713, 1044.6897800538995, 652.2684424529564, 363.44038111205816]
  resolution: [1280, 720]
  rostopic: /left
cam1:
  T_cn_cnm1:
  - [0.999993289738045, -0.0029245033027465264, 0.0022062999148630405, -0.12272171804594946]
  - [0.0029288897200288023, 0.999993735648274, -0.001987528419318002, -0.00012167432199716466]
  - [-0.0022004735603977626, 0.001993977091621608, 0.9999955909760141, 0.00041855570768779783]
  - [0.0, 0.0, 0.0, 1.0]
  cam_overlaps: [0]
  camera_model: pinhole
  distortion_coeffs: [0.018511537687261798, -0.0026970648786099225, -0.00022768016394718665, -0.0005828250312563331]
  distortion_model: radtan
  intrinsics: [1045.1566933586732, 1045.2993750661278, 635.9485220238222, 367.0093446935653]
  resolution: [1280, 720]
  rostopic: /right
