%YAML:1.0
---
type: IMU
name: c-board-bmi088
Gyr:
   unit: " rad/s"
   avg-axis:
      gyr_n: 6.6382722963539030e-03
      gyr_w: 3.0758811056128351e-05
   x-axis:
      gyr_n: 5.8372477753954634e-03
      gyr_w: 2.0428061745084463e-05
   y-axis:
      gyr_n: 6.8157317135311779e-03
      gyr_w: 5.9915533310724478e-05
   z-axis:
      gyr_n: 7.2618374001350676e-03
      gyr_w: 1.1932838112576113e-05
Acc:
   unit: " m/s^2"
   avg-axis:
      acc_n: 4.6443011564572402e-02
      acc_w: 4.0411035784354419e-04
   x-axis:
      acc_n: 4.6741527974134056e-02
      acc_w: 2.8598659034697991e-04
   y-axis:
      acc_n: 4.5575280964115839e-02
      acc_w: 4.5835594353673022e-04
   z-axis:
      acc_n: 4.7012225755467305e-02
      acc_w: 4.6798853964692255e-04
